-12 0          -9 -0.803847
-9 -0.803847   -6.803847 -3
-6.803847 -3   -6 -6
-6 -6          -6.803847 -9
-6.803847 -9   -9 -11.196153
-9 -11.196153  -12 -12
-12 -12        -15 -11.196153
-15 -11.196153 -17.196153 -9
-17.196153 -9  -18 -6
-18 -6         -17.196153 -3
-17.196153 -3  -15 -0.803847
-15 -0.803847  -12 0

-12 -3             -9.87868 -3.87868
-9.87868 -3.87868  -9 -6
-9 -6              -9.87868 -8.12132
-9.87868 -8.12132  -12 -9
-12 -9             -14.12132 -8.12132
-14.12132 -8.12132 -15 -6
-15 -6             -14.12132 -3.87868
-14.12132 -3.87868 -12 -3

-19 -6          -18.062178 -2.5
-18.062178 -2.5 -15.5 0.062178
-15.5 0.062178  -12 1
-12 1           -8.5 0.062178
-8.5 0.062178   -5.937822 -2.5
-5.937822 -2.5    -5 -6

10 0          7 -0.803847
7 -0.803847   4.803847 -3
4.803847 -3   4 -6
4 -6          4.803847 -9
4.803847 -9   7 -11.196153
7 -11.196153  10 -12
10 -12        13 -11.196153
13 -11.196153 15.196153 -9
15.196153 -9  16 -6
16 -6         15.196153 -3
15.196153 -3  13 -0.803847
13 -0.803847  10 0

10 -3             7.87868 -3.87868
7.87868 -3.87868  7 -6
7 -6              7.87868 -8.12132
7.87868 -8.12132  10 -9
10 -9             12.12132 -8.12132
12.12132 -8.12132 13 -6
13 -6             12.12132 -3.87868
12.12132 -3.87868 10 -3

17 -6          16.062178 -2.5
16.062178 -2.5 13.5 0.062178
13.5 0.062178  10 1
10 1           6.5 0.062178
6.5 0.062178   3.937822 -2.5
3.937822 -2.5  3 -6

-5 -6 3 -6
17 -6 20 -6
20 -6 20 4
20 4 16 12
16 12 -6 12
-6 12 -12 6
-12 6 -20 6
-20 6 -21.414214 5.414214
-21.414214 5.414214 -22 4
-22 4 -22 2.5
-22 2.5 -21.5 2
-21.5 2 -21.5 -1.5
-21.5 -1.5 -22 -2
-22 -2 -22 -6
-22 -6 -19 -6

2 6 -11 6
-11 6 -6 11
-6 11 2 11
2 11 2 6

3 6 11 6
11 6 9 11
9 11 3 11
3 11 3 6

-4 -5 2 -5
2 -5 2 5
2 5 -11 5
-11 5 -11 2
-4 -5 -5.19281 -1.680026
-5.19281 -1.680026 -7.680026 0.807189
-7.680026 0.807189 -11 2

1 4 -1 4
-1 4 -1 3.5
-1 3.5 1 3.5
1 3.5 1 4

20 -4 22 -4
22 -4 23.414214 -3.414214
23.414214 -3.414214 24 -2
24 -2 24 6
24 6 23.414214 7.414214
23.414214 7.414214 22 8
22 8 20 8
20 8 18.585785 7.414214
18.585785 7.414214 18.5 7

-24 -12 24 -12
